0 0.168216 0.736679 0.280669 0.526642
0 0.432621 0.794919 0.448885 0.410161
0 0.734665 0.760223 0.337361 0.479554
0 0.714684 0.594796 0.182156 0.287485
0 0.729554 0.506815 0.126394 0.175960
0 0.734201 0.419455 0.066914 0.087980
0 0.728160 0.352540 0.060409 0.068154
0 0.645446 0.339529 0.043680 0.066914
0 0.558086 0.315985 0.060409 0.066914
0 0.544610 0.413879 0.059480 0.109046
0 0.468401 0.354399 0.063197 0.086741
0 0.479089 0.427509 0.125465 0.151177
0 0.397770 0.447955 0.109665 0.112763
0 0.378717 0.602230 0.168216 0.240397
0 0.270446 0.361834 0.130112 0.327138
0 0.382900 0.284387 0.061338 0.226766
0 0.778346 0.391574 0.077138 0.112763
0 0.792751 0.290582 0.050186 0.090458
0 0.884758 0.288104 0.063197 0.095415
0 0.980948 0.283767 0.038104 0.074349
0 0.907063 0.336431 0.081784 0.100372
0 0.942379 0.369269 0.115242 0.143742