0 0.473978 0.794919 0.111524 0.221809
0 0.221190 0.868030 0.078067 0.135068
0 0.215149 0.897150 0.060409 0.109046
0 0.117100 0.907063 0.078067 0.178439
0 0.014870 0.812268 0.029740 0.224287
0 0.029275 0.827138 0.030669 0.169765
0 0.600372 0.864312 0.055762 0.120198
0 0.616171 0.919455 0.053903 0.153656
0 0.681691 0.866171 0.058550 0.099133
0 0.744888 0.918835 0.101301 0.162330
0 0.692379 0.945477 0.052045 0.101611
0 0.947955 0.888476 0.092937 0.223048
0 0.967937 0.802354 0.060409 0.201983
0 0.448420 0.649938 0.045539 0.147460
0 0.393123 0.583024 0.031599 0.068154
0 0.325279 0.602230 0.024164 0.096654
0 0.611059 0.587361 0.043680 0.104089
0 0.532063 0.614002 0.032528 0.083024
0 0.309480 0.597893 0.027881 0.078067
0 0.801580 0.583643 0.025093 0.089219
0 0.065985 0.531599 0.020446 0.059480