0 0.416873 0.457249 0.114971 0.232962
0 0.600910 0.408302 0.021505 0.070632
0 0.660463 0.262701 0.034739 0.059480
0 0.886270 0.270756 0.026468 0.053284
0 0.915633 0.273234 0.030604 0.048327
0 0.502895 0.286865 0.016543 0.048327
0 0.519438 0.283147 0.017370 0.050805
0 0.265922 0.240397 0.016543 0.024783
0 0.009512 0.227385 0.016543 0.038414
0 0.186931 0.426890 0.040529 0.083024
0 0.015302 0.247212 0.016543 0.024783
0 0.011993 0.321561 0.023160 0.038414
0 0.097601 0.488848 0.146402 0.311029
0 0.143507 0.420074 0.016543 0.049566
0 0.583954 0.429368 0.016543 0.030979
0 0.779983 0.257125 0.016543 0.058240