0 0.502664 0.539653 0.251903 0.762082
0 0.649163 0.455390 0.114155 0.412639
0 0.896880 0.131351 0.057078 0.104089
0 0.945967 0.128872 0.042618 0.128872
0 0.982242 0.117720 0.036021 0.173482
0 0.803272 0.136927 0.035769 0.110285
0 0.772070 0.125155 0.052511 0.121437
0 0.737062 0.130731 0.041857 0.120198
0 0.643455 0.102850 0.066210 0.153656
0 0.315068 0.135688 0.050228 0.105328
0 0.220320 0.054523 0.076865 0.109046
0 0.101979 0.045849 0.053272 0.091698
0 0.033486 0.057001 0.066971 0.114002
0 0.022831 0.104089 0.045662 0.138786
0 0.035008 0.252788 0.062405 0.128872
0 0.101979 0.252169 0.068493 0.120198
0 0.218037 0.258984 0.078387 0.094176
0 0.302511 0.255266 0.060122 0.131351
0 0.207763 0.201363 0.080670 0.144981
0 0.145358 0.205700 0.068493 0.148699