0 0.269517 0.562577 0.275093 0.416357
0 0.716543 0.162949 0.039033 0.125155
0 0.792286 0.153656 0.041822 0.121437
0 0.828067 0.168525 0.027881 0.086741
0 0.671004 0.161090 0.037175 0.131351
0 0.633364 0.159851 0.038104 0.131351
0 0.304833 0.171623 0.055762 0.112763
0 0.285316 0.210037 0.048327 0.068154
0 0.442379 0.203841 0.040892 0.105328
0 0.459108 0.183395 0.022305 0.086741
0 0.489312 0.179678 0.030669 0.116481
0 0.520446 0.180917 0.020446 0.109046
0 0.540892 0.184634 0.020446 0.101611
0 0.559944 0.188352 0.025093 0.096654
0 0.590149 0.185254 0.037175 0.068154
0 0.571561 0.145601 0.018587 0.033457
0 0.078996 0.229864 0.061338 0.209418
0 0.013011 0.242875 0.026022 0.203222
0 0.138476 0.228625 0.044610 0.194548
0 0.163569 0.197646 0.018587 0.050805
0 0.197955 0.245973 0.048327 0.174721
0 0.247677 0.244734 0.049257 0.127633