0 0.850836 0.250310 0.056691 0.109046
0 0.784851 0.077447 0.052974 0.092937
0 0.731413 0.064436 0.033457 0.071871
0 0.729089 0.228005 0.095725 0.180917
0 0.433550 0.223048 0.092007 0.158612
0 0.285316 0.241016 0.098513 0.179678
0 0.242565 0.412639 0.083643 0.126394
0 0.149164 0.401487 0.082714 0.171004
0 0.069703 0.413879 0.074349 0.173482
0 0.143123 0.693309 0.152416 0.390335
0 0.268587 0.747212 0.187732 0.270136
0 0.550651 0.641264 0.236989 0.447336
0 0.046004 0.087980 0.047398 0.086741
0 0.944703 0.089839 0.045539 0.075589
0 0.991403 0.130112 0.017193 0.099133
0 0.993494 0.118959 0.013011 0.121437
0 0.594796 0.065675 0.057621 0.094176
0 0.685874 0.086121 0.027881 0.040892
0 0.648699 0.079926 0.024164 0.053284
0 0.511152 0.089219 0.061338 0.071871
0 0.439126 0.092317 0.058550 0.065675
0 0.355019 0.090458 0.065056 0.081784
0 0.307156 0.090458 0.049257 0.076828
0 0.254182 0.087980 0.060409 0.091698
0 0.161245 0.094176 0.054833 0.074349
0 0.122212 0.107187 0.056691 0.073110
0 0.073885 0.079306 0.018587 0.042131
0 0.178439 0.013011 0.035316 0.026022
0 0.150558 0.029120 0.079926 0.055762
0 0.227230 0.013631 0.054833 0.027261
0 0.271840 0.014250 0.052974 0.028501
0 0.364312 0.032838 0.031599 0.035936
0 0.411710 0.061958 0.033457 0.118959
0 0.460502 0.030979 0.030669 0.037175
0 0.495818 0.026642 0.043680 0.053284
0 0.540428 0.034696 0.051115 0.066914
0 0.588290 0.026022 0.031599 0.039653
0 0.654275 0.027261 0.052045 0.054523
0 0.777416 0.017348 0.036245 0.029740
0 0.855483 0.050805 0.045539 0.071871
0 0.971654 0.025403 0.036245 0.050805
0 0.960502 0.037794 0.026952 0.040892
0 0.907063 0.024783 0.040892 0.047088
0 0.913569 0.101611 0.092937 0.125155