0 0.126137 0.308550 0.095947 0.156134
0 0.209677 0.293680 0.034739 0.076828
0 0.240695 0.267658 0.035567 0.094176
0 0.282051 0.240397 0.033912 0.061958
0 0.307692 0.254647 0.045492 0.135068
0 0.340778 0.269517 0.058726 0.127633
0 0.404053 0.302974 0.077750 0.078067
0 0.980999 0.648079 0.038921 0.240397
0 0.916460 0.621437 0.040529 0.209418
0 0.066170 0.643123 0.030604 0.106568
0 0.008478 0.635068 0.016956 0.085502
0 0.024400 0.648699 0.026468 0.075589
0 0.385856 0.661090 0.023160 0.100372
0 0.418114 0.671623 0.016543 0.081784