0 0.329795 0.633209 0.160322 0.470880
0 0.715227 0.501239 0.121523 0.610905
0 0.592240 0.460347 0.048316 0.333333
0 0.629209 0.450434 0.038799 0.169765
0 0.562958 0.477076 0.021962 0.163569
0 0.541362 0.467162 0.027086 0.153656
0 0.524890 0.460347 0.036603 0.137546
0 0.508785 0.492565 0.038067 0.137546
0 0.491215 0.432466 0.029283 0.094176
0 0.462299 0.465923 0.051977 0.185874
0 0.407394 0.469021 0.051977 0.192069
0 0.371889 0.402726 0.017570 0.039653
0 0.290630 0.460967 0.029283 0.166047
0 0.314056 0.460967 0.021962 0.104089
0 0.271596 0.471499 0.026354 0.177200
0 0.231332 0.500620 0.049780 0.163569
0 0.235359 0.394052 0.037335 0.054523
0 0.089312 0.509913 0.064422 0.184634
0 0.033309 0.545229 0.066618 0.153656